batch_size: 10
device: !!python/object/apply:torch.device
- mps
epochs: 25
learning_rate: 0.025750000000000002
test_accuracy: 24.98
training_time: 1097.3261680603027
