batch_size: 10
device: !!python/object/apply:torch.device
- mps
epochs: 25
learning_rate: 0.07525000000000001
test_accuracy: 10.0
training_time: 1060.4314618110657
