batch_size: 10
device: !!python/object/apply:torch.device
- mps
epochs: 25
learning_rate: 0.025750000000000002
test_accuracy: 10.0
training_time: 1103.6418778896332
