batch_size: 20
device: !!python/object/apply:torch.device
- mps
epochs: 25
learning_rate: 0.025750000000000002
test_accuracy: 18.22
training_time: 811.766891002655
