batch_size: 20
device: !!python/object/apply:torch.device
- mps
epochs: 25
learning_rate: 0.07525000000000001
test_accuracy: 10.0
training_time: 905.106369972229
